11 2 
12 3 1 
13 4 2 
14 5 3 
15 6 4 
16 7 5 
17 8 6 
18 9 7 
19 10 8 
20 9 
21 1 12 
22 2 13 11 
23 3 14 12 
24 4 15 13 
25 5 16 14 
26 6 17 15 
27 7 18 16 
28 8 19 17 
29 9 20 18 
30 10 19 
31 11 22 
32 12 23 21 
33 13 24 22 
34 14 25 23 
35 15 26 24 
36 16 27 25 
37 17 28 26 
38 18 29 27 
39 19 30 28 
40 20 29 
41 21 32 
42 22 33 31 
43 23 34 32 
44 24 35 33 
45 25 36 34 
46 26 37 35 
47 27 38 36 
48 28 39 37 
49 29 40 38 
50 30 39 
51 31 42 
52 32 43 41 
53 33 44 42 
54 34 45 43 
55 35 46 44 
56 36 47 45 
57 37 48 46 
58 38 49 47 
59 39 50 48 
60 40 49 
61 41 52 
62 42 53 51 
63 43 54 52 
64 44 55 53 
65 45 56 54 
66 46 57 55 
67 47 58 56 
68 48 59 57 
69 49 60 58 
70 50 59 
71 51 62 
72 52 63 61 
73 53 64 62 
74 54 65 63 
75 55 66 64 
76 56 67 65 
77 57 68 66 
78 58 69 67 
79 59 70 68 
80 60 69 
81 61 72 
82 62 73 71 
83 63 74 72 
84 64 75 73 
85 65 76 74 
86 66 77 75 
87 67 78 76 
88 68 79 77 
89 69 80 78 
90 70 79 
91 71 82 
92 72 83 81 
93 73 84 82 
94 74 85 83 
95 75 86 84 
96 76 87 85 
97 77 88 86 
98 78 89 87 
99 79 90 88 
100 80 89 
81 92 
82 93 91 
83 94 92 
84 95 93 
85 96 94 
86 97 95 
87 98 96 
88 99 97 
89 100 98 
90 99 