10 10 10 40
10 20 10 40
10 30 10 40
10 40 10 40
10 50 10 40
10 60 10 40
10 70 10 40
10 80 10 40
10 90 10 40
10 100 10 40
20 10 10 40
20 20 10 40
20 30 20 40
20 40 20 40
20 50 10 40
20 60 10 40
20 70 10 40
20 80 10 40
20 90 10 40
20 100 10 40
30 10 10 40
30 20 10 40
30 30 20 40
30 40 20 40
30 50 10 40
30 60 10 40
30 70 10 40
30 80 10 40
30 90 10 40
30 100 10 40
40 10 10 40
40 20 10 40
40 30 20 40
40 40 20 40
40 50 10 40
40 60 10 40
40 70 10 40
40 80 10 40
40 90 10 40
40 100 10 40
50 10 10 40
50 20 10 40
50 30 20 40
50 40 20 40
50 50 10 40
50 60 10 40
50 70 10 40
50 80 10 40
50 90 10 40
50 100 10 40
60 10 10 40
60 20 10 40
60 30 20 40
60 40 20 40
60 50 20 40
60 60 20 40
60 70 20 40
60 80 20 40
60 90 20 40
60 100 10 40
70 10 10 40
70 20 10 40
70 30 20 40
70 40 20 40
70 50 20 40
70 60 20 40
70 70 20 40
70 80 20 40
70 90 20 40
70 100 10 40
80 10 10 40
80 20 10 40
80 30 10 40
80 40 10 40
80 50 10 40
80 60 10 40
80 70 10 40
80 80 20 40
80 90 20 40
80 100 10 40
90 10 10 40
90 20 10 40
90 30 10 40
90 40 10 40
90 50 10 40
90 60 10 40
90 70 10 40
90 80 20 40
90 90 20 40
90 100 10 40
100 10 10 40
100 20 10 40
100 30 10 40
100 40 10 40
100 50 10 40
100 60 10 40
100 70 10 40
100 80 20 40
100 90 20 40
100 100 10 40