21 2 
22 3 1 
23 4 2 
24 5 3 
25 6 4 
26 7 5 
27 8 6 
28 9 7 
29 10 8 
30 11 9 
31 12 10 
32 13 11 
33 14 12 
34 15 13 
35 16 14 
36 17 15 
37 18 16 
38 19 17 
39 20 18 
40 19 
41 1 22 
42 2 23 21 
43 3 24 22 
44 4 25 23 
45 5 26 24 
46 6 27 25 
47 7 28 26 
48 8 29 27 
49 9 30 28 
50 10 31 29 
51 11 32 30 
52 12 33 31 
53 13 34 32 
54 14 35 33 
55 15 36 34 
56 16 37 35 
57 17 38 36 
58 18 39 37 
59 19 40 38 
60 20 39 
61 21 42 
62 22 43 41 
63 23 44 42 
64 24 45 43 
65 25 46 44 
66 26 47 45 
67 27 48 46 
68 28 49 47 
69 29 50 48 
70 30 51 49 
71 31 52 50 
72 32 53 51 
73 33 54 52 
74 34 55 53 
75 35 56 54 
76 36 57 55 
77 37 58 56 
78 38 59 57 
79 39 60 58 
80 40 59 
81 41 62 
82 42 63 61 
83 43 64 62 
84 44 65 63 
85 45 66 64 
86 46 67 65 
87 47 68 66 
88 48 69 67 
89 49 70 68 
90 50 71 69 
91 51 72 70 
92 52 73 71 
93 53 74 72 
94 54 75 73 
95 55 76 74 
96 56 77 75 
97 57 78 76 
98 58 79 77 
99 59 80 78 
100 60 79 
101 61 82 
102 62 83 81 
103 63 84 82 
104 64 85 83 
105 65 86 84 
106 66 87 85 
107 67 88 86 
108 68 89 87 
109 69 90 88 
110 70 91 89 
111 71 92 90 
112 72 93 91 
113 73 94 92 
114 74 95 93 
115 75 96 94 
116 76 97 95 
117 77 98 96 
118 78 99 97 
119 79 100 98 
120 80 99 
121 81 102 
122 82 103 101 
123 83 104 102 
124 84 105 103 
125 85 106 104 
126 86 107 105 
127 87 108 106 
128 88 109 107 
129 89 110 108 
130 90 111 109 
131 91 112 110 
132 92 113 111 
133 93 114 112 
134 94 115 113 
135 95 116 114 
136 96 117 115 
137 97 118 116 
138 98 119 117 
139 99 120 118 
140 100 119 
141 101 122 
142 102 123 121 
143 103 124 122 
144 104 125 123 
145 105 126 124 
146 106 127 125 
147 107 128 126 
148 108 129 127 
149 109 130 128 
150 110 131 129 
151 111 132 130 
152 112 133 131 
153 113 134 132 
154 114 135 133 
155 115 136 134 
156 116 137 135 
157 117 138 136 
158 118 139 137 
159 119 140 138 
160 120 139 
161 121 142 
162 122 143 141 
163 123 144 142 
164 124 145 143 
165 125 146 144 
166 126 147 145 
167 127 148 146 
168 128 149 147 
169 129 150 148 
170 130 151 149 
171 131 152 150 
172 132 153 151 
173 133 154 152 
174 134 155 153 
175 135 156 154 
176 136 157 155 
177 137 158 156 
178 138 159 157 
179 139 160 158 
180 140 159 
181 141 162 
182 142 163 161 
183 143 164 162 
184 144 165 163 
185 145 166 164 
186 146 167 165 
187 147 168 166 
188 148 169 167 
189 149 170 168 
190 150 171 169 
191 151 172 170 
192 152 173 171 
193 153 174 172 
194 154 175 173 
195 155 176 174 
196 156 177 175 
197 157 178 176 
198 158 179 177 
199 159 180 178 
200 160 179 
201 161 182 
202 162 183 181 
203 163 184 182 
204 164 185 183 
205 165 186 184 
206 166 187 185 
207 167 188 186 
208 168 189 187 
209 169 190 188 
210 170 191 189 
211 171 192 190 
212 172 193 191 
213 173 194 192 
214 174 195 193 
215 175 196 194 
216 176 197 195 
217 177 198 196 
218 178 199 197 
219 179 200 198 
220 180 199 
221 181 202 
222 182 203 201 
223 183 204 202 
224 184 205 203 
225 185 206 204 
226 186 207 205 
227 187 208 206 
228 188 209 207 
229 189 210 208 
230 190 211 209 
231 191 212 210 
232 192 213 211 
233 193 214 212 
234 194 215 213 
235 195 216 214 
236 196 217 215 
237 197 218 216 
238 198 219 217 
239 199 220 218 
240 200 219 
241 201 222 
242 202 223 221 
243 203 224 222 
244 204 225 223 
245 205 226 224 
246 206 227 225 
247 207 228 226 
248 208 229 227 
249 209 230 228 
250 210 231 229 
251 211 232 230 
252 212 233 231 
253 213 234 232 
254 214 235 233 
255 215 236 234 
256 216 237 235 
257 217 238 236 
258 218 239 237 
259 219 240 238 
260 220 239 
261 221 242 
262 222 243 241 
263 223 244 242 
264 224 245 243 
265 225 246 244 
266 226 247 245 
267 227 248 246 
268 228 249 247 
269 229 250 248 
270 230 251 249 
271 231 252 250 
272 232 253 251 
273 233 254 252 
274 234 255 253 
275 235 256 254 
276 236 257 255 
277 237 258 256 
278 238 259 257 
279 239 260 258 
280 240 259 
281 241 262 
282 242 263 261 
283 243 264 262 
284 244 265 263 
285 245 266 264 
286 246 267 265 
287 247 268 266 
288 248 269 267 
289 249 270 268 
290 250 271 269 
291 251 272 270 
292 252 273 271 
293 253 274 272 
294 254 275 273 
295 255 276 274 
296 256 277 275 
297 257 278 276 
298 258 279 277 
299 259 280 278 
300 260 279 
301 261 282 
302 262 283 281 
303 263 284 282 
304 264 285 283 
305 265 286 284 
306 266 287 285 
307 267 288 286 
308 268 289 287 
309 269 290 288 
310 270 291 289 
311 271 292 290 
312 272 293 291 
313 273 294 292 
314 274 295 293 
315 275 296 294 
316 276 297 295 
317 277 298 296 
318 278 299 297 
319 279 300 298 
320 280 299 
321 281 302 
322 282 303 301 
323 283 304 302 
324 284 305 303 
325 285 306 304 
326 286 307 305 
327 287 308 306 
328 288 309 307 
329 289 310 308 
330 290 311 309 
331 291 312 310 
332 292 313 311 
333 293 314 312 
334 294 315 313 
335 295 316 314 
336 296 317 315 
337 297 318 316 
338 298 319 317 
339 299 320 318 
340 300 319 
341 301 322 
342 302 323 321 
343 303 324 322 
344 304 325 323 
345 305 326 324 
346 306 327 325 
347 307 328 326 
348 308 329 327 
349 309 330 328 
350 310 331 329 
351 311 332 330 
352 312 333 331 
353 313 334 332 
354 314 335 333 
355 315 336 334 
356 316 337 335 
357 317 338 336 
358 318 339 337 
359 319 340 338 
360 320 339 
361 321 342 
362 322 343 341 
363 323 344 342 
364 324 345 343 
365 325 346 344 
366 326 347 345 
367 327 348 346 
368 328 349 347 
369 329 350 348 
370 330 351 349 
371 331 352 350 
372 332 353 351 
373 333 354 352 
374 334 355 353 
375 335 356 354 
376 336 357 355 
377 337 358 356 
378 338 359 357 
379 339 360 358 
380 340 359 
381 341 362 
382 342 363 361 
383 343 364 362 
384 344 365 363 
385 345 366 364 
386 346 367 365 
387 347 368 366 
388 348 369 367 
389 349 370 368 
390 350 371 369 
391 351 372 370 
392 352 373 371 
393 353 374 372 
394 354 375 373 
395 355 376 374 
396 356 377 375 
397 357 378 376 
398 358 379 377 
399 359 380 378 
400 360 379 
361 382 
362 383 381 
363 384 382 
364 385 383 
365 386 384 
366 387 385 
367 388 386 
368 389 387 
369 390 388 
370 391 389 
371 392 390 
372 393 391 
373 394 392 
374 395 393 
375 396 394 
376 397 395 
377 398 396 
378 399 397 
379 400 398 
380 399 