10 10 10 40
10 20 10 40
10 30 10 40
10 40 10 40
10 50 10 40
10 60 10 40
10 70 10 40
10 80 10 40
10 90 10 40
10 100 10 40
10 110 10 40
10 120 10 40
10 130 10 40
10 140 10 40
10 150 10 40
10 160 10 40
10 170 10 40
10 180 10 40
10 190 10 40
10 200 10 40
20 10 10 40
20 20 10 40
20 30 10 40
20 40 10 40
20 50 10 40
20 60 10 40
20 70 10 40
20 80 10 40
20 90 10 40
20 100 10 40
20 110 10 40
20 120 10 40
20 130 10 40
20 140 10 40
20 150 10 40
20 160 10 40
20 170 10 40
20 180 10 40
20 190 10 40
20 200 10 40
30 10 10 40
30 20 10 40
30 30 10 40
30 40 10 40
30 50 10 40
30 60 10 40
30 70 10 40
30 80 10 40
30 90 10 40
30 100 10 40
30 110 10 40
30 120 10 40
30 130 10 40
30 140 10 40
30 150 10 40
30 160 10 40
30 170 10 40
30 180 10 40
30 190 10 40
30 200 10 40
40 10 10 40
40 20 10 40
40 30 10 40
40 40 10 40
40 50 10 40
40 60 10 40
40 70 10 40
40 80 10 40
40 90 10 40
40 100 10 40
40 110 10 40
40 120 10 40
40 130 10 40
40 140 10 40
40 150 10 40
40 160 10 40
40 170 10 40
40 180 10 40
40 190 10 40
40 200 10 40
50 10 10 40
50 20 10 40
50 30 10 40
50 40 10 40
50 50 10 40
50 60 20 40
50 70 20 40
50 80 20 40
50 90 20 40
50 100 20 40
50 110 20 40
50 120 20 40
50 130 20 40
50 140 20 40
50 150 20 40
50 160 10 40
50 170 10 40
50 180 10 40
50 190 10 40
50 200 10 40
60 10 10 40
60 20 10 40
60 30 10 40
60 40 10 40
60 50 10 40
60 60 20 40
60 70 20 40
60 80 20 40
60 90 20 40
60 100 20 40
60 110 20 40
60 120 20 40
60 130 20 40
60 140 20 40
60 150 20 40
60 160 10 40
60 170 10 40
60 180 10 40
60 190 10 40
60 200 10 40
70 10 10 40
70 20 10 40
70 30 10 40
70 40 10 40
70 50 10 40
70 60 20 40
70 70 20 40
70 80 20 40
70 90 20 40
70 100 20 40
70 110 20 40
70 120 20 40
70 130 20 40
70 140 20 40
70 150 20 40
70 160 10 40
70 170 10 40
70 180 10 40
70 190 10 40
70 200 10 40
80 10 10 40
80 20 10 40
80 30 10 40
80 40 10 40
80 50 10 40
80 60 20 40
80 70 20 40
80 80 20 40
80 90 20 40
80 100 20 40
80 110 20 40
80 120 20 40
80 130 20 40
80 140 20 40
80 150 20 40
80 160 10 40
80 170 10 40
80 180 10 40
80 190 10 40
80 200 10 40
90 10 10 40
90 20 10 40
90 30 10 40
90 40 10 40
90 50 10 40
90 60 10 40
90 70 10 40
90 80 10 40
90 90 20 40
90 100 20 40
90 110 20 40
90 120 20 40
90 130 10 40
90 140 10 40
90 150 10 40
90 160 10 40
90 170 10 40
90 180 10 40
90 190 10 40
90 200 10 40
100 10 10 40
100 20 10 40
100 30 10 40
100 40 10 40
100 50 10 40
100 60 10 40
100 70 10 40
100 80 10 40
100 90 20 40
100 100 20 40
100 110 20 40
100 120 20 40
100 130 10 40
100 140 10 40
100 150 10 40
100 160 10 40
100 170 10 40
100 180 10 40
100 190 10 40
100 200 10 40
110 10 10 40
110 20 10 40
110 30 10 40
110 40 10 40
110 50 10 40
110 60 10 40
110 70 10 40
110 80 10 40
110 90 20 40
110 100 20 40
110 110 20 40
110 120 20 40
110 130 10 40
110 140 10 40
110 150 10 40
110 160 10 40
110 170 10 40
110 180 10 40
110 190 10 40
110 200 10 40
120 10 10 40
120 20 10 40
120 30 10 40
120 40 10 40
120 50 10 40
120 60 10 40
120 70 10 40
120 80 10 40
120 90 20 40
120 100 20 40
120 110 20 40
120 120 20 40
120 130 10 40
120 140 10 40
120 150 10 40
120 160 10 40
120 170 10 40
120 180 10 40
120 190 10 40
120 200 10 40
130 10 10 40
130 20 10 40
130 30 10 40
130 40 10 40
130 50 10 40
130 60 10 40
130 70 10 40
130 80 10 40
130 90 20 40
130 100 20 40
130 110 20 40
130 120 20 40
130 130 10 40
130 140 10 40
130 150 10 40
130 160 10 40
130 170 10 40
130 180 10 40
130 190 10 40
130 200 10 40
140 10 10 40
140 20 10 40
140 30 10 40
140 40 10 40
140 50 10 40
140 60 10 40
140 70 10 40
140 80 10 40
140 90 20 40
140 100 20 40
140 110 20 40
140 120 20 40
140 130 10 40
140 140 10 40
140 150 10 40
140 160 10 40
140 170 10 40
140 180 10 40
140 190 10 40
140 200 10 40
150 10 10 40
150 20 10 40
150 30 10 40
150 40 10 40
150 50 10 40
150 60 10 40
150 70 10 40
150 80 10 40
150 90 20 40
150 100 20 40
150 110 20 40
150 120 20 40
150 130 10 40
150 140 10 40
150 150 10 40
150 160 10 40
150 170 10 40
150 180 10 40
150 190 10 40
150 200 10 40
160 10 10 40
160 20 10 40
160 30 10 40
160 40 10 40
160 50 10 40
160 60 10 40
160 70 10 40
160 80 10 40
160 90 20 40
160 100 20 40
160 110 20 40
160 120 20 40
160 130 10 40
160 140 10 40
160 150 10 40
160 160 10 40
160 170 10 40
160 180 10 40
160 190 10 40
160 200 10 40
170 10 10 40
170 20 10 40
170 30 10 40
170 40 10 40
170 50 10 40
170 60 10 40
170 70 10 40
170 80 10 40
170 90 10 40
170 100 10 40
170 110 10 40
170 120 10 40
170 130 10 40
170 140 10 40
170 150 10 40
170 160 10 40
170 170 10 40
170 180 10 40
170 190 10 40
170 200 10 40
180 10 10 40
180 20 10 40
180 30 10 40
180 40 10 40
180 50 10 40
180 60 10 40
180 70 10 40
180 80 10 40
180 90 10 40
180 100 10 40
180 110 10 40
180 120 10 40
180 130 10 40
180 140 10 40
180 150 10 40
180 160 10 40
180 170 10 40
180 180 10 40
180 190 10 40
180 200 10 40
190 10 10 40
190 20 10 40
190 30 10 40
190 40 10 40
190 50 10 40
190 60 10 40
190 70 10 40
190 80 10 40
190 90 10 40
190 100 10 40
190 110 10 40
190 120 10 40
190 130 10 40
190 140 10 40
190 150 10 40
190 160 10 40
190 170 10 40
190 180 10 40
190 190 10 40
190 200 10 40
200 10 10 40
200 20 10 40
200 30 10 40
200 40 10 40
200 50 10 40
200 60 10 40
200 70 10 40
200 80 10 40
200 90 10 40
200 100 10 40
200 110 10 40
200 120 10 40
200 130 10 40
200 140 10 40
200 150 10 40
200 160 10 40
200 170 10 40
200 180 10 40
200 190 10 40
200 200 10 40